1.001370806087296
1.0014989491555992
1.0014955258360132
1.0014961887965943
1.0014743040452152
1.001377921008252
1.0013006716351869
1.0011599171682737
1.0010199718505801
1.0009161275392655
1.0008033486059813
1.0006902698627043
0.991673255326562
1.0006283963300033
1.000649557621359
1.0007113163616779
1.0007525161937978
1.0008113943540438
1.0008721790970896
1.0008973823253708
1.0009286625051446
1.0008766877641553
1.0008354767443808
1.0007703720163552
1.0005313087331429
0.9715653627812485
1.0007703720163554
1.0008354767443808
1.000876687764155
1.0009182876994798
1.0008973823253708
1.000861910366852
1.0008113943540438
1.0007421908177885
1.0007113163616779
1.0006392713505705
1.0006283963300033
0.9916732553265617
1.0006902698627043
1.000793099150862
1.0009161275392653
1.00101997185058
1.0011555031151205
1.0012801686213408
1.0013677164762005
1.0014536346393121
1.0014961887965943
1.0014851828451965
1.0014887140235815
1.0013559299728003
0.9579406681878638
1.001632343154577
1.0017429334079264
1.0018368180258015
1.0019065653142194
1.0019197512949238
1.001905116076028
1.0018891492659217
1.0018434531291425
1.0018076935377174
1.0017673922160955
1.001747860286884
0.9928001064176462
1.0018250339775858
1.0019108672028323
1.00202273543212
1.0021212546344844
1.0022445683007957
1.0023357197022236
1.0023965434342625
1.0024449364295103
1.0024254056577193
1.0024132714815777
1.0023506461191012
1.0021143055463104
0.9735263058925527
1.002360930726816
1.0024132714815777
1.0024410577224045
1.0024499656913735
1.0024068859451478
1.0023357197022236
1.002244568300796
1.0021212546344842
1.0020432669903285
1.0019108672028323
1.0018250339775856
0.9928001064176462
1.0017631600935197
1.0017776081962368
1.0018231555935513
1.001843453129143
1.0018889309705217
1.0019357837961993
1.0019197512949238
1.001926954030058
1.0018368180258015
1.0017532740923387
1.0016425763076227
1.0014225215391506
0.0012061733927836403
