1.214199825397459
1.2189154896642267
1.228812302607917
1.2436131607602787
1.2623770102712402
1.1576678236695535
0.9854695816517046
0.8597859829015504
0.766802188751922
0.6951024037239668
0.6372947694823972
0.5896846614408043
0.5195593271755806
0.5896846614408043
0.6372947694823972
0.6951024037239668
0.766802188751922
0.8597859829015504
0.9854695816517046
1.1576678236695535
1.2623770102712402
1.2436131607602787
1.228812302607917
1.2189154896642267
1.214199825397459
1.104307196896845
1.218915489664227
1.228812302607917
1.243613160760279
1.2629211883646205
1.1576678236695535
0.9854695816517046
0.8597859829015504
0.766802188751922
0.6951024037239668
0.6372947694823972
0.5896846614408043
0.5172012649836627
0.5896846614408044
0.637294769482397
0.6951024037239669
0.7668021887519221
0.8597859829015505
0.985469581651705
1.1576678236695535
1.2630252194072602
1.2436131607602787
1.228812302607917
1.2189154896642267
1.214199825397459
1.0562938405100257
1.218915489664227
1.228812302607917
1.243613160760279
1.2635212963059765
1.1576678236695535
0.985469581651705
0.8597859829015505
0.7668021887519221
0.6951024037239669
0.637294769482397
0.5896846614408044
0.5144490742754272
0.5896846614408044
0.637294769482397
0.6951024037239669
0.7668021887519221
0.8597859829015505
0.985469581651705
1.1576678236695535
1.2635212963059768
1.243613160760279
1.228812302607917
1.218915489664227
1.2141998253974589
1.1043071968968452
1.2189154896642267
1.228812302607917
1.2436131607602787
1.2630252194072602
1.1576678236695535
0.985469581651705
0.8597859829015505
0.7668021887519221
0.6951024037239669
0.637294769482397
0.5896846614408044
0.5172012649836626
0.5896846614408043
0.6372947694823972
0.6951024037239668
0.766802188751922
0.8597859829015504
0.9854695816517046
1.1576678236695535
1.2629211883646205
1.243613160760279
1.228812302607917
1.218915489664227
1.2141998253974589
0.40832054972629156
