1.0118622362928502
1.0016753204572206
0.9953207470913273
0.9935055851873285
0.9951760794448494
1.0010506690891474
1.0108260419554296
1.0250395370460341
1.043813768823235
1.0675126568422544
1.096508961766285
1.1278422470669147
1.0666061924490593
1.0929015533109228
1.07599496869667
1.0636031005221591
1.0556911245883291
1.052212517971767
1.0525211175106175
1.0573327177828769
1.0663245681660352
1.0799741100434275
1.0982715146354056
1.1212307425810866
1.1498812983626945
1.0627096284293553
1.121506029529911
1.098415559029525
1.080401491764604
1.0668343078551354
1.0576187848024818
1.0528123759620234
1.0523502368919626
1.0559695966580684
1.0638428094401629
1.076113482466038
1.092901553310923
1.0667027409194652
1.1280995235769133
1.0970100769255187
1.0680610402280775
1.0446471725820166
1.0262018466319995
1.0121599234867866
1.0023421776448336
0.9970795035401177
0.9951429088274809
0.9974285354535473
1.0039882574131198
1.014300243717904
0.9057975624328342
1.0486105650948847
1.057203454621736
1.0268480535225553
0.9984324172990638
0.9749512937999463
0.9561756638234535
0.9420744207826076
0.9318651818358248
0.9253734822070763
0.9227302317040792
0.9236863685812441
0.895316121063973
0.9372520201689405
0.9497161116881792
0.9660589681755013
0.9871328568949763
0.9951602035887003
0.9671538916069903
0.9435522156966137
0.9242019134249512
0.9094065360329788
0.8985625687036023
0.891485287442842
0.8880060242951852
0.8038404428564054
0.8914852874428421
0.898562568703602
0.909406536032979
0.9242019134249512
0.9435522156966137
0.9671538916069902
0.9945150368165234
0.9845075041435415
0.9637227274390753
0.9472719953671439
0.9349468044061292
0.8934681647392112
0.9217737964393907
0.920756076029143
0.9234915901518577
0.929692534977002
0.9395236391421263
0.9537148869490825
0.9724868979798207
0.9958686451604988
1.0243486750347075
1.0546653219296311
1.0458509603943302
1.0267817055250252
0.34255586249454717
