1.081994956475732
1.050662346655609
1.0222244398631612
1.0000323530828363
0.9818382163452807
0.9696592237458734
0.9612369596996033
0.9543388171227145
0.9537634970166029
0.9578144097359224
0.9617525621535984
0.9731641464420544
0.9893257561225552
1.0074344965904913
1.0306163961281225
1.0558095307403872
1.0864711690772304
1.0658977694305254
1.0351701215391782
1.008722234804131
0.9881402843518512
0.9730092780928522
0.9605510164886771
0.9529750878884009
0.9494574913035426
0.9493399727597797
0.9529750878884009
0.9605510164886771
0.9730092780928522
0.9881402843518515
1.008722234804131
1.0351701215391782
1.0658977694305254
1.080807779424817
1.0481870125806094
1.02052378311973
0.9953251220848099
0.9791099958648708
0.9661875845216049
0.956542734152033
0.950975513598296
0.9480427116216115
0.9504025072388428
0.956160865419645
0.9654937503943167
0.9797059083246781
0.9978692663030896
1.0222244398631612
1.0484710587063795
1.0801598329252784
1.0834513484942527
1.0484710587063795
1.0222244398631615
0.9978692663030896
0.9797059083246781
0.9654937503943165
0.9561608654196451
0.9504025072388428
0.9480427116216111
0.9509755135982959
0.956542734152033
0.966187584521605
0.9791099958648706
0.9953251220848099
1.02052378311973
1.0481870125806094
1.0808077794248174
1.0658977694305254
1.0351701215391782
1.008722234804131
0.9881402843518515
0.9730092780928522
0.9605510164886771
0.9529750878884009
0.9494574913035426
0.9493399727597797
0.9529750878884009
0.9605510164886771
0.9730092780928522
0.9881402843518512
1.008722234804131
1.0351701215391782
1.0658977694305254
1.080807779424817
1.0481870125806094
1.02052378311973
0.9953251220848099
0.9791099958648706
0.966187584521605
0.956542734152033
0.9509755135982959
0.9499536426467753
0.9504025072388428
0.9561608654196451
0.9654937503943165
0.9797059083246781
0.9978692663030896
1.0222244398631615
1.0484710587063795
1.0801598329252784
1.1032004419080987
