0.9738349478219935
0.9775132933454791
0.9853777604253741
0.9972265861262873
1.012920124677831
1.034108224988035
1.0455242228803288
1.0220854060736693
1.0033692003388237
0.9903513746677273
0.9808169406288523
0.9748679963979003
0.9726277858492485
0.9748679963979004
0.9808169406288523
0.9903513746677273
1.0033692003388237
1.0220854060736693
1.0455242228803288
1.034108224988035
1.012920124677831
0.9972265861262873
0.9853777604253741
0.9775132933454791
0.9738349478219935
0.9737296035175247
0.977513293345479
0.9853777604253741
0.9972265861262872
1.012920124677831
1.034108224988035
1.0455242228803288
1.0220854060736693
1.0033692003388237
0.9903513746677273
0.9808169406288523
0.9748679963979004
0.9726277858492485
0.9748679963979003
0.9808169406288523
0.9903513746677273
1.0033692003388237
1.0220854060736693
1.0455242228803288
1.034108224988035
1.012920124677831
0.9972265861262873
0.9853777604253741
0.9775132933454791
0.9738349478219935
0.9737296035175247
0.977513293345479
0.9853777604253741
0.9972265861262872
1.012920124677831
1.034108224988035
1.0455242228803288
1.0220854060736693
1.0033692003388237
0.9903513746677273
0.9808169406288523
0.9748679963979004
0.9726277858492485
0.9748679963979003
0.9808169406288523
0.9903513746677273
1.0033692003388237
1.0220854060736693
1.0455242228803288
1.034108224988035
1.012920124677831
0.9972265861262872
0.9853777604253741
0.977513293345479
0.9738349478219935
0.9737296035175244
0.9775132933454791
0.9853777604253741
0.9972265861262873
1.012920124677831
1.034108224988035
1.0455242228803288
1.0220854060736693
1.0033692003388237
0.9903513746677273
0.9808169406288523
0.9748679963979003
0.9726277858492485
0.9748679963979004
0.9808169406288523
0.9903513746677273
1.0033692003388237
1.0220854060736693
1.0455242228803288
1.034108224988035
1.012920124677831
0.9972265861262872
0.9853777604253741
0.977513293345479
0.9738349478219935
0.9732028819951796
