1.0328944900696972
1.0593453638719164
1.0909239240727568
1.115597458299612
1.0729324815747723
1.025019293822819
0.984297498574956
0.9506648265279134
0.9227839968050205
0.900088557301289
0.8817262285116452
0.8674406659245177
0.8215908041357651
0.8504759938310138
0.8467637360860808
0.8468115902848249
0.8500253547140233
0.8567359571249773
0.8671504470833
0.8813581142277898
0.899650587946337
0.922350879926136
0.9494244039323547
0.9826156988885734
1.0223214134162686
0.9676232258929548
0.9861880593417032
0.9526343840949819
0.9250778148269385
0.9022795651993026
0.8840139860366184
0.8698157242569096
0.8598369625548898
0.8528344839352743
0.8495545729317976
0.8495351837154004
0.8530636830804303
0.8242667392390527
0.8699208144633711
0.8840931706122312
0.9025163243934474
0.9252531571616147
0.9527719762337167
0.9864990713613443
1.0269732019868396
1.075469555760487
1.1187597951136854
1.0941273029828207
1.0625745551870316
1.0361365021824125
0.8834262196853597
0.9983839335135692
0.986807647882659
0.9789442826096041
0.9747209600532275
0.975049404852418
0.9783890237830489
0.9866487601312298
0.9985764776370935
1.0147984832358503
1.0352891999052973
1.0616780137664223
1.0463515460146098
1.132364274137914
1.1789351531477668
1.231722012665005
1.2175984381485603
1.1761744639870075
1.141642991587836
1.1136144308594926
1.0911021778103203
1.0737918529656454
1.0610612004709699
1.0527278831267142
1.0486219244887154
0.9578292612999318
1.0527278831267144
1.0610612004709696
1.0737918529656454
1.0911021778103207
1.1136144308594926
1.141642991587836
1.1761744639870075
1.21759843814856
1.2275880457933483
1.174132350299119
1.1293039117153512
1.0454083010895603
1.0585407493357744
1.032727387070559
1.0116881408951992
0.9950151762252457
0.9834777315366178
0.9754117134719201
0.9719969244011173
0.9716054743302408
0.9757781780647586
0.983603839932084
0.995154710032399
1.011698876012577
0.343893432923795
