0.821336434780771
0.824700563622871
0.8312548132977029
0.8414155024203271
1.6227673201272013
1.9662586908619817
1.207087949560608
0.9216455710241666
0.9548531454346851
0.9528423954503087
0.8749684445970933
0.9181272752712537
0.8569052102572691
0.8227229272348509
0.7683170345374951
0.7254710073311966
0.7036403724533438
0.66788124008412
0.648928372843359
0.6290751417746674
0.6147677846735666
0.5996037040159011
0.5869717917385529
0.5582812318211664
0.5633165633251056
0.5030521995792431
0.5565384788385119
0.5654968564236564
0.583482504629311
0.5733186932231686
0.6059134776734518
0.6266106920140418
0.6421710707611668
0.6693986695818603
0.7009040309907189
0.7449556153825599
0.7878673598617097
0.8033322035913312
0.9243832521980345
0.9942609872792433
1.124514619680069
1.2430749779553742
1.4070916604259005
1.649493906333338
1.430870940877207
0.36482105338239673
0.3806208350989844
0.3978118248061223
0.41651285742975347
0.43861787003471264
0.3953829438693924
0.5009596463158673
0.5357694988110522
0.5752765479402802
0.6195972727169802
0.6731894852157418
0.731568752356569
0.7971348508299327
0.8658951679518524
0.9487953294263207
1.0368270822449
1.1296110472268828
1.1861999853965481
1.3262778289372688
1.3384970499165738
1.2790334161481807
1.2294168553217997
1.1868803461120496
1.1520529474185859
1.1235826713761974
1.1009709599962472
1.0833548903009154
1.0704213117408719
1.0620579794303133
1.0577842306607854
0.9409287298565064
1.0620579794303133
1.0704213117408719
1.0833548903009154
1.1009709599962472
1.1235826713761972
1.1520529474185857
1.1868803461120492
1.2294168553217992
1.2790334161481807
1.3149393473724111
1.2423949518058797
1.1161414157512164
1.0960522241329098
1.0397856928961355
0.9929461687945921
0.9548531454346851
0.9216455710241664
0.8941581072124087
0.8727717527617526
0.8554154125295861
0.8414155024203271
0.8312548132977029
0.8247005636228708
0.821336434780771
0.2778728426185198
