1.0863127880485635
1.090961147528541
1.099780799121668
1.1126726704213716
1.1294974829038065
1.1524057090456867
1.182198738730454
1.216717001231831
1.2602259694970086
1.2062554277228696
1.107392710811633
1.02885456508802
0.959542025205221
0.9037390639460653
0.8604513057404909
0.8204959249564614
0.7877400053466094
0.7616106092599401
0.7385506402056907
0.7210573787779597
0.7064625426365299
0.6946695917677175
0.687078178864905
0.6818354063581199
0.6789956253243891
0.678837451261062
0.6818354063581199
0.687078178864905
0.6946695917677175
0.7064625426365299
0.7210573787779597
0.7385506402056907
0.7616106092599402
0.7877400053466094
0.8204959249564614
0.8604513057404909
0.9037390639460655
0.959542025205221
1.0288545650880203
1.1073927108116328
1.2062554277228696
1.2602259694970086
1.216717001231831
1.182198738730454
1.1524057090456867
1.1294974829038065
1.1126726704213716
1.099780799121668
1.090961147528541
1.0863127880485635
1.0861574377927576
1.090961147528541
1.099780799121668
1.1126726704213716
1.1294974829038062
1.1524057090456867
1.182198738730454
1.216717001231831
1.2602259694970082
1.2062554277228696
1.1073927108116328
1.0288545650880203
0.959542025205221
0.9037390639460655
0.8604513057404909
0.8204959249564614
0.7877400053466094
0.7616106092599402
0.7385506402056907
0.7210573787779597
0.7064625426365299
0.6946695917677175
0.687078178864905
0.6818354063581199
0.6789956253243891
0.678837451261062
0.6818354063581199
0.687078178864905
0.6946695917677175
0.7064625426365299
0.7210573787779597
0.7385506402056907
0.7616106092599401
0.7877400053466094
0.8204959249564614
0.8604513057404909
0.9037390639460653
0.959542025205221
1.02885456508802
1.107392710811633
1.2062554277228696
1.2602259694970082
1.216717001231831
1.182198738730454
1.1524057090456867
1.1294974829038062
1.1126726704213716
1.099780799121668
1.090961147528541
1.0863127880485632
1.0853806865137292
