1.267671781822348
1.2997745556456353
1.330738650715873
1.3630401686289708
1.3997992100155343
1.4088841904272462
1.2619975311196454
1.1031868051586065
0.9848476072996992
0.8879743499557801
0.8116057139540319
0.7544854914107134
0.7053524167925277
0.6638218488886694
0.6295655139766511
0.6018974737101629
0.5802371419090291
0.5606597294487604
0.5433902275981213
0.5308622924135232
0.5203463136853582
0.5117001381480462
0.5052992211283694
0.500939403895619
0.4991234097306719
0.498971729920862
0.500939403895619
0.5052992211283694
0.5117001381480462
0.5203463136853582
0.5308622924135232
0.5433902275981213
0.5606597294487604
0.5802371419090291
0.6018974737101629
0.6295655139766511
0.6638218488886692
0.7053524167925277
0.7544854914107136
0.8116057139540319
0.8879743499557801
0.984847607299699
1.1031868051586065
1.2619975311196454
1.4088841904272462
1.3997992100155343
1.3630401686289708
1.330738650715873
1.2997745556456353
1.267671781822348
1.2361174342738248
1.205194993875897
1.174506415332588
1.1462063692591016
1.1169148673413365
1.0925992076401254
1.065548368220131
1.0473791662851433
1.0241891132458165
1.0001474934460857
0.9801560728643912
0.9621682919722759
0.9484077526513073
0.931404927191049
0.9153342246091654
0.9028834782612917
0.8941110937842747
0.883158295470144
0.8756940763183165
0.865499795507396
0.8602300600121929
0.855312503243486
0.8521670845858762
0.8524456904683122
0.8495829295349457
0.8494581926172785
0.8524456904683122
0.8521670845858762
0.855312503243486
0.8586754266278692
0.865499795507396
0.8743473912137061
0.883158295470144
0.8941110937842747
0.9028834782612917
0.9153342246091654
0.931404927191049
0.947430784047023
0.9599195618854566
0.9801560728643912
1.0001474934460857
1.0241891132458165
1.0504101247642104
1.065548368220131
1.0925992076401254
1.1169148673413365
1.1462063692591016
1.174506415332588
1.205194993875897
1.2326589836258033
1.253409687513933
