0.8718940260596199
0.8750853603849271
0.8820904529975409
0.8924339270780922
0.906248496824258
0.9252720954528261
0.9480055283649301
0.9770449867614774
1.0129946952047855
1.053020857829809
1.1005140034694705
1.1599089126637754
1.212759439515419
1.1599089126637754
1.1005140034694705
1.053020857829809
1.0129946952047855
0.9770449867614774
0.9480055283649301
0.9252720954528261
0.906248496824258
0.8924339270780922
0.8820904529975409
0.8750853603849271
0.8718940260596199
0.8717607550553815
0.8750853603849271
0.8820904529975407
0.892433927078092
0.906248496824258
0.9252720954528261
0.9480055283649302
0.9770449867614774
1.0129946952047855
1.0530208578298088
1.1005140034694705
1.1599089126637754
1.212759439515419
1.1599089126637754
1.1005140034694705
1.053020857829809
1.0129946952047855
0.9770449867614774
0.9480055283649301
0.9252720954528261
0.906248496824258
0.8924339270780922
0.8820904529975409
0.8750853603849271
0.8718940260596199
0.8717607550553815
0.8750853603849271
0.8820904529975407
0.892433927078092
0.906248496824258
0.9252720954528261
0.9480055283649302
0.9770449867614774
1.0129946952047855
1.0530208578298088
1.1005140034694705
1.1599089126637754
1.212759439515419
1.1599089126637754
1.1005140034694705
1.0530208578298088
1.0129946952047855
0.9770449867614774
0.9480055283649302
0.9252720954528261
0.906248496824258
0.892433927078092
0.8820904529975407
0.8750853603849271
0.8718940260596199
0.8717607550553818
0.8750853603849271
0.8820904529975409
0.8924339270780922
0.906248496824258
0.9252720954528261
0.9480055283649301
0.9770449867614774
1.0129946952047855
1.053020857829809
1.1005140034694705
1.1599089126637754
1.212759439515419
1.1599089126637754
1.1005140034694705
1.0530208578298088
1.0129946952047855
0.9770449867614774
0.9480055283649302
0.9252720954528261
0.906248496824258
0.892433927078092
0.8820904529975407
0.8750853603849271
0.8718940260596199
0.8712276710384291
