0.7562772761038817
0.8348077047233512
0.9341154005948459
1.0695009796388457
1.2573892462736382
1.441796795706081
1.301732736649162
1.1382993095081717
1.0155618929109542
0.9178643204863937
0.8406924109999966
0.7797067043631535
0.6868092878602496
0.6876397421047097
0.6526516763063487
0.6229618315983676
0.6367194063660963
0.6751988093522845
0.7216508277498033
0.7793970104290734
0.851938067166879
0.9440072043921535
1.0601274819302595
1.2088883494257319
1.419196282242043
1.3795766370591054
1.2129630367687245
1.0624002404969262
0.9463672482663633
0.8545974533153077
0.7820493055535349
0.7280147197123359
0.679522987019984
0.6387802573161027
0.6241899853508954
0.6526516763063487
0.6876397421047098
0.6868092878602495
0.7797067043631536
0.8406924109999965
0.9178643204863937
1.0155618929109542
1.1382993095081717
1.301732736649162
1.4475845669642449
1.2636528002708198
1.074395316080039
0.9388706057090878
0.8367293497643521
0.7580808889599155
0.6243109660893322
0.6394306504129714
0.5992937562281444
0.5699831045041268
0.5809345525348414
0.6077013974990949
0.640766103932594
0.6806421148835403
0.7268947547799249
0.7846636106056025
0.8554927826274464
0.9475010638039886
1.0349189531419278
1.2180966807256342
1.3947528864257697
1.2584052867216566
1.0720491381408914
0.9379611401038114
0.8361279338853937
0.7565625502937408
0.6942927752252369
0.643080165932756
0.600627431351078
0.5671836573015868
0.5393538053893826
0.4756436266371433
0.5671836573015868
0.6006274313510779
0.6430801659327561
0.6944061582777746
0.7578941759128223
0.8390552870057939
0.9408438958418003
1.0750288863414565
1.2641702195025286
1.3912338101018487
1.2099974980311738
1.0295198740995881
0.9438769313407932
0.8538881176580954
0.7836074348021103
0.7258091141756204
0.679355465904183
0.6399122847015215
0.6077013974990949
0.579873427339409
0.5696412519872165
0.5987485752516241
0.6390096967627553
0.6891955067656972
0.36268558836478276
