0.9227629545996259
0.912253815211562
0.9053877571897508
0.9021185069601414
0.9024847529671246
0.90636442935028
0.9138358245202538
0.9247464462191473
0.9404836876824656
0.9602496434540206
0.9848933757220869
1.0149122235314159
1.0148066874985786
1.0945587319194667
1.1446755750909168
1.1315917205228003
1.0874763043345101
1.0503457719362055
1.0192520680306567
0.9938621096806938
0.9738063722569598
0.9583095274669649
0.9468786333840329
0.9393769859623392
0.9356737429340585
0.8611118276987831
0.9393769859623392
0.9468786333840332
0.9583095274669649
0.9738063722569601
0.9938621096806938
1.019252068030657
1.0503457719362055
1.0874763043345104
1.1315917205228003
1.1472208480665742
1.0973920235516268
1.0175170654906496
1.0171077635059738
0.9864003613450795
0.9619636984359501
0.9421692403410878
0.9264625301758591
0.9152229840999532
0.9076702489212853
0.9036964696087392
0.9033491408074017
0.9065760956823917
0.9134878947752755
0.9236452372794617
0.8300260712741343
0.9569325392584339
0.9807844551300225
1.0100375440223237
1.0452315691313288
1.0873356415433653
1.1375733811982573
1.1972511248285478
1.2688166265794492
1.3007310289468832
1.2039386188494519
1.116004945969511
1.0145455869953715
0.9825667354877479
0.9318550826584564
0.8905669811352704
0.855770943482333
0.8264015476064368
0.8026884505662178
0.7831393843147565
0.7671134684469562
0.7548660137555364
0.7458645717894075
0.7398312884678951
0.7368667548348328
0.6635524032339899
0.7398312884678951
0.7458645717894072
0.7548660137555363
0.7671134684469559
0.7831393843147565
0.8026884505662177
0.8264015476064368
0.8557709434823332
0.8905669811352706
0.9318550826584565
0.9825667354877481
1.0145455869953708
1.1160049459695107
1.2039386188494514
1.3007310289468832
1.2687601288556332
1.1966616535828658
1.1369849095029132
1.086671682471461
1.0445957470495701
1.0094413567217844
0.9800520892456929
0.9563593329731392
0.9375964211861022
0.3125585816140283
