0.7706346844460679
0.7478393638217273
0.7290045915228553
0.7140171103931604
0.70216806591853
0.6934414460028286
0.6875752381760755
0.6845767318464937
0.6842858897579956
0.6866902190090635
0.6918805461306743
0.6998828375160833
0.7015677811024158
0.7252270667917241
0.7431951459338475
0.7651435049874739
0.7917057773539424
0.823612017879186
0.8615247652152316
0.9070197109696345
0.9616160702845358
1.0274340714593595
1.107761829382786
1.2068850562843216
1.3312619959683742
1.3241758508005093
1.209312957476202
1.110184713781323
1.0296178964974676
0.9633450654035536
0.9085441760729966
0.8632847179356736
0.8253508231774834
0.7933056198985101
0.7665969872174344
0.7447529795215911
0.7268299305113171
0.7030264113626847
0.7012410825295137
0.6932460853016614
0.6880990972481571
0.6857042143025917
0.6860015732624819
0.6890273543594624
0.6948129881798214
0.7035519568101486
0.7154365033805942
0.730632840628066
0.7494734127160524
0.77226982164342
0.7752284845540872
0.8330705245777184
0.8726416098195471
0.9203080367717442
0.9776576514865776
1.0464162883691042
1.1305801771047648
1.2350232958146974
1.3668445526169832
1.4489441057252752
1.3378936112142803
1.2396460178568849
1.149673668436657
1.0922433922322712
1.0368054135576903
0.9903912410166451
0.9514804291536472
0.9189441497008746
0.8921699107388802
0.870261125161134
0.8526438837153462
0.8389862839100073
0.8289339048387655
0.8223633083301902
0.8191159838685065
0.7935495098862806
0.8223633083301902
0.8289339048387655
0.8389862839100073
0.8526438837153462
0.8702611251611342
0.8921699107388807
0.9189441497008746
0.9514804291536468
0.9903912410166451
1.03680541355769
1.0922433922322712
1.149673668436658
1.2396460178568847
1.33789361121428
1.4479357279081722
1.3640634245565881
1.2325070897081876
1.1284671054387045
1.0443922010107072
0.9754031978119686
0.9184365079866748
0.8710079500071625
0.8314364549036573
0.7984738391824322
0.3924220519444393
